$Phi
             [,1]       [,2]
 [1,]  2.94992788 0.28704739
 [2,]  0.03595812 0.07055199
 [3,]  0.41630957 0.16862571
 [4,] -0.45013693 0.24639761
 [5,] -0.78375771 0.69614820
 [6,] -0.81041795 0.88086159
 [7,]  0.26497056 0.78675531
 [8,] -0.27963485 0.99958977
 [9,] -0.43166929 0.42436802
[10,]  0.35100397 0.84258275
[11,]  0.97840371 1.59541899
[12,]  0.19695507 1.23866052
[13,] -0.61165512 0.31975108

$Beta
              [,1]          [,2]          [,3]          [,4]          [,5]          [,6]         [,7]          [,8]          [,9]
[1,] -0.0001621941 -5.425331e-05 -9.548242e-05 -0.0001475868 -0.0003359052 -0.0004515483 -0.000403806 -0.0005154939 -0.0002424709
            [,10]         [,11]         [,12]         [,13]
[1,] -0.000425939 -0.0007643411 -0.0006037869 -0.0001580582

$rj
   [1]  47.649188  37.254720  31.863203  25.495802  27.139274  76.850052  14.743602  30.681619  12.594316  41.620308  23.895980  41.027212
  [13]  40.872260  44.562515  35.461271  19.291243  18.373127  63.698135  27.871278  58.520968  41.497051  72.787189  50.230866  38.701532
  [25]  56.245808  26.732664  13.684725  50.020034  19.587239 159.338514  32.310490  41.340089  55.382929  26.376251  48.138245  26.747888
  [37]  25.584510  49.055393  38.621095  16.416281  36.870862  76.698754  67.998726  12.994549  69.816231  60.856321  34.010033  18.933247
  [49]  37.835812 124.012819  53.419922  51.201636  40.265044  53.782915  54.675987  12.995522  40.029088  63.218715  42.744694  69.585864
  [61]  54.647010  43.552870  15.118015  19.175822  63.740986  54.514122  17.913607  42.358136  53.300140  29.710787  37.317516  48.225727
  [73]  51.538128  26.537697  19.938011  41.982999  77.843898  45.182364 111.650630  32.836711  39.569694  35.618911  43.486003  46.479540
  [85]  74.014095  52.415544  32.334465  25.684586  96.121569  27.100173  42.647874  35.289452  40.540395  50.592295  30.657121  44.783187
  [97]  32.448328  28.637881  44.779362  28.024299  35.496680  31.588282  78.917381  55.847008  33.948072  29.035675  37.578269  56.740668
 [109]  23.306377  28.711609  15.015852  62.046124  16.693515  48.304255  24.134189  28.129505  22.294314  48.692299  65.350621  39.517694
 [121]  19.014913  14.136128  45.221785  41.958744  44.107986  34.419899  17.761622  40.479920  46.540401  39.919981  71.527081  15.762463
 [133]  50.313994  29.117060  22.734865  77.655707  32.289636  23.308293  58.961553  32.278087  29.539149  49.073153  26.745809  31.437927
 [145]  29.862111  57.549894  71.042768  44.635998  26.630112  26.451510  40.345902  66.900792  33.820713  38.081572  49.667589  61.003251
 [157]  63.472328  40.071972  55.730658  52.223914  13.466521  32.847904  42.858399  64.119142  69.450346  58.350935  33.468905  15.011311
 [169]  56.090578  30.034979  19.211916  37.663310  29.157712  19.993562  55.306695  28.334078  47.810533  31.159727  32.614328  25.218327
 [181]  91.624161  41.745793  52.227168  44.391913  25.574245  18.533761  78.965079  37.875912  18.272484  54.451504  28.114787  54.020378
 [193]  63.130995  52.794393 132.717086  16.766161  77.125480  28.407749  72.760707  53.085635  30.426208  24.314910  45.943311  24.800333
 [205]  38.579007  24.325932  56.310749  16.024231  43.113299  51.464257  69.240792  42.066413  42.931139  56.827437  55.705809  55.974393
 [217]  48.720847 113.817888  17.666679  36.093059 143.141293  51.007303  40.652386  44.018839  48.218155  37.501251  48.365640  43.558903
 [229]  52.383503  85.146977  73.941305  27.662508  69.737687  64.513861  47.877496  20.331963  37.290976  31.340582  11.218827  30.940445
 [241]  48.716229  33.316764  39.985790  45.754071  44.717700  28.724062  38.719927  34.708022  30.065290  24.867123  26.373918  55.008124
 [253]  31.717446  38.712888  44.710093  31.821287  36.771477  58.588701  39.582214  56.745786  42.236438  69.211304  19.196228  25.949189
 [265]  38.520922  35.522692  21.910785  34.122708  32.388954  50.904443  46.400813 113.984918  42.636934  58.965197  35.782741  41.874873
 [277]  85.162044  49.019025  31.420768  73.518172  24.252842  40.586869  45.337956   3.920826  11.854419  55.060469  34.101729  70.205939
 [289]  40.659154  30.410248  26.798112  89.449144  36.759602  34.436689  72.021785  27.386002  43.571119  28.102287  44.403876  53.060090
 [301]  36.959766  51.603258  48.300455  27.174941  20.123207  49.591113  40.064455  27.283094  45.060030  27.960647  33.186595  38.119635
 [313]  37.667990  17.886807  48.103233  73.915793  30.863549  48.637635  26.378995  74.020939  52.169880  47.807017  63.192891  31.192049
 [325]  37.416266   9.315395  33.190635  77.825043  15.419962  38.977064  53.010558  30.907764  59.842758  59.049228  26.662243  56.696005
 [337]  60.063466  15.778939  40.443896  29.198225  43.117862  45.276859  27.752370  36.722842  17.028626  37.225478  18.648658  19.665030
 [349]  52.831187  58.540403  81.627261  55.198942  47.638279  55.694273  45.985314  48.230740  29.305455  17.868847  26.897601  31.388696
 [361]  39.700372  34.819871  63.180583  39.370264  58.455252  65.014869  57.604451  42.922283  36.675770  17.266658  26.333823   5.464334
 [373]  21.538326  42.858623  25.213558  15.456851  49.512450  83.707397  30.441200  20.717310  17.312781  41.913031  28.047416  20.022420
 [385]  52.655448  33.360313  38.625188  52.004611  76.681584  34.302564  68.647663  47.804113  37.520113  37.840599  30.938757  14.902768
 [397]   5.212806  33.743725  59.261245  36.118995  48.488102  28.804497  35.603640  20.588475  46.037406  34.389996  13.031597  16.537226
 [409]  64.621451  53.001739  43.726984  53.828795  29.890119  46.610096  40.172493  29.927447  90.550452  33.890259  36.715953  69.507207
 [421]  40.454859  59.327080  54.723434  30.954423  37.279142  52.597141  29.172183 103.260128  51.038479  48.890394  55.141879 104.765914
 [433]  27.511056  89.016826  49.846918  55.032899  33.532863  83.094265  29.065463  19.858360  20.078528   2.422075  21.961345   5.317053
 [445]   2.423338   9.982009   7.733761  14.108538  23.812695  48.887995  38.855343  58.878747  86.692194  46.988761  63.903297  34.849956
 [457]  42.030030  29.003919  21.223682  38.245845  26.556977  33.576102  46.694213  64.169154  67.492422  29.742140  42.501658 102.423240
 [469]  39.718075  48.520333  42.841105  30.255605  62.596647  39.443159  46.828413  41.299837  73.641319  77.316357  37.700666  44.771823
 [481]  39.636195  55.050851   9.903231  31.941178  70.862400  38.003034  42.568859  46.637168  30.910948  10.752070  73.360695  27.486327
 [493]   7.708508  23.723826  35.364718  37.741093  19.547633  31.539938  38.302388  12.327533  34.698871  17.171356  41.807148  44.383315
 [505]  27.710276  31.666516  17.285472  27.160131  18.626760  51.653625  62.512353  30.830861  75.956831  37.260854  28.841132  48.311282
 [517]  93.856244  25.180739  28.580800  44.175462  32.351016  41.416313  98.659536  12.569612  36.142927  50.134421  30.406690  27.883653
 [529]  37.529242  24.111643  29.189785  27.710673  39.541156  44.679924  28.336836  47.545780  41.862291  15.946562  11.344215  33.811719
 [541]  53.821463  84.530154  28.081086  11.206311  52.438013  31.921295  33.491209  19.709103  91.100922  55.211210  64.569569  43.653003
 [553] 102.566718   5.949998  44.589646  54.904978  26.695921  17.520334  35.231919  33.555820  37.691741  33.109953  29.243808  30.846694
 [565]  34.484283  47.786211  36.051297  36.429253  27.915821  37.428029  56.606146  32.127235  51.689257  25.956362  38.121607  41.897108
 [577]  75.622572  39.510882  50.902918  76.211738  53.906172  39.802476  33.784573  40.751232  41.520481  29.091431  44.872917  48.580862
 [589]  48.080466  21.850460  40.400455   8.672936  34.858249  53.449828  61.500628  38.824350  41.378249  51.860243  70.136793  62.895499
 [601]  45.546336  51.538114  17.411006  30.368417  49.564544  98.753202  71.462412  14.298790  50.762526  50.681637  37.130341  37.034638
 [613]  16.184175  17.579213  40.856912  51.756197   5.060095  34.154706  55.113587  69.426228  19.148915  75.551623  37.249716  33.282402
 [625]  21.938900  29.552940  30.281452  31.887600  34.130930  37.411469  35.254729  23.579312  30.750376  48.218390  40.267435  42.774467
 [637]  67.727087  22.575861  45.457752  26.673896  34.655493  62.217883  33.866834  61.018496  51.898416  84.206050  54.021095  48.868596
 [649]  69.600952  28.648066  22.712062  18.113634  38.973911  60.522740  13.006144  34.189042  27.737349  33.636520  68.487993  60.411908
 [661]  17.774617  37.627446  44.623499  30.410905  33.457909  38.574659  22.754902  51.749566  55.877238  50.800887  35.415214  27.440330
 [673]  29.632705  34.183720  17.703432  38.021616 129.300561  30.993872  58.474295  30.591149  40.441077  33.719995  51.941103  62.288793
 [685]  26.075174  31.833864  40.709836  20.833955  34.903589  15.744869  20.236610  18.125133  27.892940  36.678635  13.933758  39.614052
 [697]  58.200993  44.076955  22.156447  44.600075  13.858710  39.993551 119.138209  30.865826  59.422845  40.026540  24.076170  54.956867
 [709]  41.606821  43.661598  36.258265  17.245725  49.680226  81.890604  44.773186  53.774921  47.429645  82.853943  50.088334  40.327777
 [721]  50.096969  81.668499  18.855718  58.178755  48.714455  88.146741  78.148105  57.631306  44.140504  12.895897  40.057999  19.598055
 [733]  69.371757  85.200874  30.725854  37.491159  48.909356  38.718839  12.407623  18.837904  49.353926  21.320059  53.801230  28.556462
 [745]  49.188038  26.895522  58.475378  76.439072  70.534178  20.251843  26.682217  13.208470  30.205745  31.830366  26.262541  29.026172
 [757]  27.036279  28.059450  31.340336  20.168094  39.890617  18.575582  27.150858  22.333150  30.300554  43.687965  33.145826  55.747657
 [769]  63.822537  23.973618  53.676250  44.684247  48.589967  33.078937  13.137606  50.954453  33.990985  39.511094  26.125067  26.615106
 [781]  39.464701 104.458005  40.115461  56.292462 169.758272  31.980710  27.870777  20.863101  26.524306   2.817801  37.804470  48.735696
 [793]   1.901523  40.353534  72.748392  61.402673  64.443517  62.278649  61.706876  66.120194  45.126133  37.539976  23.810633  38.949617
 [805]  20.548601  11.708812  41.786412  55.769862  56.302285  27.938862  40.611093  46.943895  34.967107 138.568929  44.870444  35.622141
 [817]  29.067675  46.700588  63.502066  49.446388  28.546479  45.171624  26.835866  76.325602  42.165944  29.857230  52.154824  43.418985
 [829]  34.494523  25.303436 125.957923  58.255190  19.769141  68.980860  32.242465  53.774450  42.723793  71.910476  75.169410  55.269928
 [841]  42.169081  35.753367  34.950392  16.123829  38.639277 121.668308  36.002677  48.805418  42.671744  35.042987  51.707616  59.776163
 [853]  18.399191  57.772264  25.808639  31.115822  29.273015  43.256401  12.293118  20.447117  24.859076  24.390898  53.850513  22.197389
 [865]  42.889004  17.465023  35.181846  34.277281  57.067255  69.387275   5.166860   8.924629  60.205222  45.653610  12.229069  36.334363
 [877]   5.867800  81.689362  27.463897  48.631909  21.420155  47.080088  34.111216  26.139404  38.009670  27.671046  61.189821  62.501719
 [889]  32.825162  38.293396  39.999973  61.282429  34.517877  45.847640  91.939357  40.077197  13.587869  44.565495 122.759893  46.788598
 [901]  10.729985  55.419495  30.161276  49.772944  30.768199  19.879169 110.045448  49.295965  43.285407  24.945364  24.413979  31.096025
 [913]  11.372751  18.980796  28.506448  80.862015  45.860423  89.884046  23.440195  23.756467  70.333870  42.142523  69.416330  57.018563
 [925]  20.204727  40.690066  36.550021  32.708348  43.321552  70.305200  39.344471  72.987259  50.318990  40.998943  48.896013  18.081872
 [937]  69.833365 144.783850  47.286735  68.935854  40.582635  38.160493  41.075605  66.222248  11.115065  18.094038  40.916942  26.092359
 [949]  50.958999  69.637445  16.553926  22.276874  39.067467  10.627809  59.488610  12.364677  18.424723  15.528094  30.946091  18.891207
 [961]  39.791032  44.456998  15.662942  41.840675  20.088577  14.555611  71.852132  42.795885  27.195075  48.522544  38.173712  32.139196
 [973]  37.424211  35.567490  65.139923  43.124007  50.718423  63.008886  25.936967  28.167631  41.157909  44.537205  42.762486  29.707627
 [985]  32.880803  28.903330  32.025700  48.459204  61.699875  15.043458  39.210582  13.854004  14.100758  21.284613  24.276778  31.662582
 [997]  11.964101  18.456142  21.485937  21.854040
 [ reached getOption("max.print") -- omitted 1887 entries ]

$Theta
             [,1]       [,2]        [,3]       [,4]         [,5]       [,6]        [,7]       [,8]         [,9]       [,10]       [,11]
           [,12]      [,13]      [,14]        [,15]       [,16]       [,17]       [,18]       [,19]      [,20]      [,21]       [,22]
          [,23]       [,24]      [,25]      [,26]      [,27]      [,28]      [,29]     [,30]       [,31]      [,32]       [,33]      [,34]
           [,35]       [,36]       [,37]       [,38]      [,39]      [,40]       [,41]       [,42]       [,43]      [,44]      [,45]
          [,46]       [,47]      [,48]       [,49]      [,50]       [,51]       [,52]        [,53]     [,54]        [,55]       [,56]
           [,57]       [,58]       [,59]      [,60]       [,61]      [,62]      [,63]       [,64]      [,65]     [,66]       [,67]
           [,68]       [,69]       [,70]      [,71]       [,72]     [,73]       [,74]      [,75]       [,76]       [,77]       [,78]
           [,79]       [,80]        [,81]     [,82]       [,83]      [,84]      [,85]       [,86]       [,87]      [,88]       [,89]
         [,90]       [,91]       [,92]       [,93]       [,94]       [,95]       [,96]       [,97]       [,98]       [,99]     [,100]
         [,101]      [,102]     [,103]      [,104]      [,105]      [,106]       [,107]      [,108]      [,109]      [,110]     [,111]
           [,112]      [,113]     [,114]      [,115]     [,116]     [,117]     [,118]      [,119]      [,120]     [,121]      [,122]
         [,123]     [,124]      [,125]      [,126]     [,127]      [,128]      [,129]     [,130]      [,131]      [,132]      [,133]
          [,134]      [,135]      [,136]     [,137]       [,138]    [,139]      [,140]      [,141]     [,142]     [,143]    [,144]
         [,145]      [,146]     [,147]      [,148]     [,149]    [,150]      [,151]     [,152]      [,153]      [,154]      [,155]
         [,156]      [,157]      [,158]     [,159]     [,160]     [,161]     [,162]       [,163]     [,164]     [,165]      [,166]
          [,167]      [,168]     [,169]      [,170]     [,171]       [,172]      [,173]     [,174]     [,175]      [,176]     [,177]
         [,178]      [,179]      [,180]    [,181]     [,182]      [,183]      [,184]      [,185]      [,186]      [,187]      [,188]
         [,189]      [,190]     [,191]     [,192]      [,193]     [,194]     [,195]     [,196]    [,197]     [,198]     [,199]      [,200]
          [,201]   [,202]     [,203]      [,204]       [,205]      [,206]     [,207]      [,208]      [,209]      [,210]       [,211]
         [,212]    [,213]    [,214]      [,215]     [,216]     [,217]     [,218]      [,219]      [,220]     [,221]      [,222]     [,223]
          [,224]      [,225]     [,226]       [,227]     [,228]     [,229]      [,230]    [,231]      [,232]    [,233]     [,234]   [,235]
          [,236]     [,237]     [,238]      [,239]     [,240]     [,241]      [,242]      [,243]      [,244]     [,245]      [,246]
          [,247]      [,248]     [,249]      [,250]      [,251]     [,252]      [,253]     [,254]    [,255]      [,256]       [,257]
         [,258]      [,259]     [,260]      [,261]     [,262]     [,263]     [,264]     [,265]     [,266]      [,267]      [,268]
          [,269]     [,270]     [,271]      [,272]      [,273]    [,274]     [,275]      [,276]       [,277]     [,278]      [,279]
         [,280]      [,281]     [,282]     [,283]      [,284]      [,285]      [,286]      [,287]     [,288]     [,289]        [,290]
         [,291]     [,292]      [,293]      [,294]     [,295]     [,296]     [,297]    [,298]      [,299]      [,300]     [,301]     [,302]
         [,303]      [,304]       [,305]      [,306]      [,307]      [,308]     [,309]     [,310]     [,311]       [,312]     [,313]
         [,314]     [,315]     [,316]       [,317]     [,318]     [,319]     [,320]      [,321]       [,322]       [,323]     [,324]
          [,325]     [,326]      [,327]      [,328]      [,329]      [,330]     [,331]     [,332]      [,333]       [,334]     [,335]
         [,336]    [,337]      [,338]    [,339]     [,340]      [,341]     [,342]      [,343]     [,344]     [,345]       [,346]
          [,347]     [,348]      [,349]     [,350]     [,351]     [,352]      [,353]    [,354]        [,355]      [,356]     [,357]
         [,358]      [,359]     [,360]       [,361]     [,362]       [,363]       [,364]     [,365]     [,366]      [,367]     [,368]
         [,369]      [,370]      [,371]      [,372]      [,373]      [,374]       [,375]      [,376]      [,377]      [,378]    [,379]
          [,380]     [,381]    [,382]     [,383]       [,384]      [,385]     [,386]      [,387]      [,388]      [,389]     [,390]
         [,391]     [,392]      [,393]      [,394]      [,395]     [,396]     [,397]     [,398]     [,399]     [,400]      [,401]
         [,402]      [,403]      [,404]       [,405]      [,406]     [,407]      [,408]      [,409]      [,410]      [,411]     [,412]
         [,413]      [,414]      [,415]     [,416]      [,417]     [,418]    [,419]      [,420]     [,421]      [,422]    [,423]     [,424]
          [,425]     [,426]      [,427]     [,428]     [,429]     [,430]     [,431]      [,432]      [,433]      [,434]      [,435]
          [,436]     [,437]     [,438]      [,439]      [,440]      [,441]      [,442]      [,443]      [,444]      [,445]      [,446]
          [,447]     [,448]     [,449]     [,450]      [,451]      [,452]     [,453]     [,454]     [,455]     [,456]     [,457]
          [,458]     [,459]      [,460]       [,461]      [,462]     [,463]      [,464]      [,465]     [,466]     [,467]     [,468]
         [,469]     [,470]     [,471]     [,472]     [,473]     [,474]      [,475]      [,476]      [,477]      [,478]       [,479]
          [,480]     [,481]       [,482]     [,483]      [,484]     [,485]       [,486]     [,487]      [,488]      [,489]       [,490]
         [,491]     [,492]      [,493]    [,494]     [,495]     [,496]      [,497]      [,498]    [,499]       [,500]      [,501]
           [,502]     [,503]      [,504]      [,505]     [,506]      [,507]     [,508]     [,509]      [,510]      [,511]     [,512]
          [,513]      [,514]      [,515]      [,516]     [,517]      [,518]     [,519]     [,520]     [,521]     [,522]      [,523]
          [,524]    [,525]      [,526]     [,527]     [,528]      [,529]     [,530]      [,531]     [,532]     [,533]      [,534]
         [,535]      [,536]      [,537]     [,538]      [,539]     [,540]       [,541]     [,542]     [,543]      [,544]      [,545]
          [,546]       [,547]     [,548]     [,549]      [,550]     [,551]      [,552]     [,553]     [,554]     [,555]      [,556]
          [,557]      [,558]     [,559]     [,560]     [,561]      [,562]     [,563]     [,564]      [,565]     [,566]     [,567]
         [,568]     [,569]    [,570]     [,571]      [,572]      [,573]     [,574]     [,575]     [,576]     [,577]    [,578]     [,579]
          [,580]      [,581]     [,582]      [,583]      [,584]      [,585]      [,586]      [,587]       [,588]     [,589]        [,590]
           [,591]   [,592]      [,593]      [,594]     [,595]     [,596]     [,597]     [,598]      [,599]      [,600]     [,601]
         [,602]     [,603]      [,604]      [,605]     [,606]     [,607]      [,608]    [,609]       [,610]      [,611]      [,612]
          [,613]      [,614]      [,615]       [,616]      [,617]      [,618]     [,619]     [,620]     [,621]      [,622]    [,623]
         [,624]     [,625]     [,626]      [,627]      [,628]     [,629]     [,630]     [,631]     [,632]      [,633]     [,634]     [,635]
         [,636]     [,637]      [,638]      [,639]     [,640]      [,641]    [,642]     [,643]     [,644]     [,645]     [,646]      [,647]
          [,648]      [,649]       [,650]      [,651]     [,652]      [,653]      [,654]      [,655]      [,656]      [,657]      [,658]
         [,659]     [,660]     [,661]       [,662]      [,663]     [,664]     [,665]      [,666]      [,667]      [,668]     [,669]
         [,670]    [,671]     [,672]     [,673]     [,674]      [,675]     [,676]     [,677]      [,678]    [,679]      [,680]       [,681]
           [,682]    [,683]      [,684]     [,685]       [,686]      [,687]     [,688]      [,689]     [,690]      [,691]     [,692]
         [,693]      [,694]     [,695]     [,696]     [,697]      [,698]     [,699]      [,700]      [,701]      [,702]      [,703]
          [,704]      [,705]      [,706]      [,707]    [,708]      [,709]     [,710]      [,711]      [,712]     [,713]     [,714]
          [,715]      [,716]     [,717]     [,718]     [,719]      [,720]       [,721]      [,722]      [,723]    [,724]     [,725]
          [,726]      [,727]     [,728]     [,729]      [,730]      [,731]      [,732]      [,733]      [,734]      [,735]    [,736]
          [,737]      [,738]     [,739]      [,740]      [,741]      [,742]      [,743]      [,744]     [,745]      [,746]      [,747]
          [,748]    [,749]     [,750]      [,751]      [,752]      [,753]     [,754]     [,755]      [,756]     [,757]      [,758]
          [,759]     [,760]     [,761]      [,762]     [,763]      [,764]      [,765]      [,766]    [,767]    [,768]     [,769]     [,770]
          [,771]      [,772]     [,773]      [,774]      [,775]      [,776]     [,777]     [,778]     [,779]      [,780]      [,781]
        [,782]      [,783]      [,784]     [,785]     [,786]      [,787]     [,788]     [,789]     [,790]     [,791]     [,792]      [,793]
          [,794]     [,795]      [,796]      [,797]     [,798]     [,799]     [,800]       [,801]      [,802]      [,803]      [,804]
         [,805]    [,806]     [,807]     [,808]     [,809]     [,810]      [,811]    [,812]      [,813]      [,814]    [,815]      [,816]
         [,817]      [,818]    [,819]      [,820]     [,821]       [,822]     [,823]    [,824]     [,825]      [,826]      [,827]
         [,828]     [,829]     [,830]      [,831]       [,832]      [,833]     [,834]     [,835]      [,836]      [,837]     [,838]
         [,839]       [,840]     [,841]      [,842]     [,843]     [,844]     [,845]     [,846]      [,847]      [,848]      [,849]
         [,850]     [,851]      [,852]      [,853]      [,854]       [,855]     [,856]     [,857]     [,858]     [,859]       [,860]
          [,861]      [,862]      [,863]     [,864]     [,865]      [,866]     [,867]     [,868]     [,869]      [,870]      [,871]
          [,872]     [,873]     [,874]     [,875]      [,876]      [,877]      [,878]      [,879]      [,880]       [,881]     [,882]
          [,883]     [,884]      [,885]      [,886]     [,887]      [,888]    [,889]      [,890]      [,891]      [,892]     [,893]
         [,894]     [,895]     [,896]    [,897]      [,898]     [,899]    [,900]      [,901]      [,902]     [,903]     [,904]      [,905]
          [,906]   [,907]      [,908]       [,909]      [,910]      [,911]    [,912]      [,913]      [,914]    [,915]     [,916]
         [,917]     [,918]    [,919]     [,920]     [,921]      [,922]      [,923]     [,924]      [,925]    [,926]     [,927]     [,928]
        [,929]       [,930]      [,931]     [,932]    [,933]       [,934]      [,935]     [,936]     [,937]      [,938]      [,939]
           [,940]     [,941]      [,942]      [,943]     [,944]      [,945]      [,946]     [,947]      [,948]     [,949]      [,950]
         [,951]      [,952]      [,953]     [,954]      [,955]     [,956]      [,957]      [,958]      [,959]     [,960]      [,961]
           [,962]      [,963]     [,964]      [,965]     [,966]     [,967]     [,968]     [,969]     [,970]      [,971]      [,972]
         [,973]      [,974]     [,975]      [,976]      [,977]    [,978]     [,979]      [,980]      [,981]      [,982]      [,983]
         [,984]     [,985]      [,986]     [,987]     [,988]      [,989]     [,990]     [,991]      [,992]     [,993]      [,994]
          [,995]      [,996]    [,997]     [,998]        [,999]     [,1000]     [,1001]   [,1002]     [,1003]    [,1004]     [,1005]
        [,1006]      [,1007]   [,1008]   [,1009]     [,1010]  [,1011]   [,1012]   [,1013]    [,1014]     [,1015]   [,1016]     [,1017]
         [,1018]     [,1019]     [,1020]      [,1021]    [,1022]     [,1023]    [,1024]    [,1025]    [,1026]     [,1027]    [,1028]
         [,1029]    [,1030]     [,1031]     [,1032]    [,1033]     [,1034]    [,1035]   [,1036]   [,1037]     [,1038]    [,1039]   [,1040]
        [,1041]    [,1042]     [,1043]    [,1044]   [,1045]    [,1046]     [,1047]    [,1048]     [,1049]     [,1050]    [,1051]
         [,1052]    [,1053]     [,1054]     [,1055]    [,1056]    [,1057]     [,1058]    [,1059]     [,1060]     [,1061]    [,1062]
        [,1063]     [,1064]    [,1065]    [,1066]   [,1067]    [,1068]    [,1069]      [,1070]    [,1071]    [,1072]     [,1073]
         [,1074]     [,1075]    [,1076]     [,1077]     [,1078]    [,1079]     [,1080]    [,1081]    [,1082]     [,1083]     [,1084]
         [,1085]     [,1086]     [,1087]    [,1088]     [,1089]    [,1090]    [,1091]     [,1092]   [,1093]     [,1094]     [,1095]
       [,1096]    [,1097]    [,1098]     [,1099]     [,1100]     [,1101]    [,1102]     [,1103]     [,1104]    [,1105]   [,1106]  [,1107]
        [,1108]     [,1109]     [,1110]     [,1111]     [,1112]    [,1113]    [,1114]    [,1115]     [,1116]     [,1117]     [,1118]
         [,1119]     [,1120]     [,1121]    [,1122]    [,1123]     [,1124]    [,1125]      [,1126]      [,1127]   [,1128]    [,1129]
        [,1130]    [,1131]     [,1132]     [,1133]   [,1134]    [,1135]     [,1136]     [,1137]     [,1138]     [,1139]    [,1140]
        [,1141]     [,1142]     [,1143]   [,1144]    [,1145]    [,1146]    [,1147]    [,1148]    [,1149]     [,1150]     [,1151]
         [,1152]    [,1153]     [,1154]    [,1155]    [,1156]    [,1157]    [,1158]    [,1159]    [,1160]     [,1161]     [,1162]   [,1163]
        [,1164]     [,1165]    [,1166]     [,1167]     [,1168]     [,1169]    [,1170]   [,1171]    [,1172]     [,1173]     [,1174]
         [,1175]      [,1176]    [,1177]      [,1178]     [,1179]     [,1180]     [,1181]    [,1182]      [,1183]     [,1184]     [,1185]
        [,1186]    [,1187]     [,1188]    [,1189]   [,1190]    [,1191]    [,1192]     [,1193]    [,1194]   [,1195]    [,1196]    [,1197]
         [,1198]     [,1199]    [,1200]   [,1201]      [,1202]    [,1203]     [,1204]     [,1205]    [,1206]      [,1207]    [,1208]
         [,1209]     [,1210]     [,1211]     [,1212]      [,1213]   [,1214]    [,1215]   [,1216]      [,1217]    [,1218]     [,1219]
          [,1220]     [,1221]     [,1222]    [,1223]     [,1224]    [,1225]    [,1226]    [,1227]    [,1228]    [,1229]    [,1230]
         [,1231]    [,1232]    [,1233]    [,1234]     [,1235]    [,1236]    [,1237]    [,1238]    [,1239]    [,1240]     [,1241]    [,1242]
        [,1243]     [,1244]     [,1245]    [,1246]     [,1247]    [,1248]    [,1249]     [,1250]     [,1251]    [,1252]    [,1253]
         [,1254]     [,1255]   [,1256]     [,1257]     [,1258]    [,1259]     [,1260]     [,1261]     [,1262]    [,1263]    [,1264]
        [,1265]     [,1266]     [,1267]    [,1268]    [,1269]     [,1270]     [,1271]     [,1272]    [,1273]     [,1274]      [,1275]
         [,1276]   [,1277]    [,1278]     [,1279]     [,1280]    [,1281]    [,1282]     [,1283]     [,1284]    [,1285]      [,1286]
        [,1287]     [,1288]     [,1289]     [,1290]     [,1291]     [,1292]    [,1293]       [,1294]    [,1295]    [,1296]    [,1297]
         [,1298]     [,1299]    [,1300]     [,1301]    [,1302]     [,1303]     [,1304]     [,1305]     [,1306]     [,1307]    [,1308]
       [,1309]    [,1310]     [,1311]     [,1312]     [,1313]     [,1314]     [,1315]    [,1316]     [,1317]     [,1318]     [,1319]
         [,1320]    [,1321]     [,1322]    [,1323]     [,1324]     [,1325]     [,1326]     [,1327]     [,1328]     [,1329]    [,1330]
        [,1331]     [,1332]    [,1333]     [,1334]    [,1335]   [,1336]     [,1337]    [,1338]     [,1339]    [,1340]    [,1341]    [,1342]
        [,1343]     [,1344]   [,1345]     [,1346]   [,1347]    [,1348]    [,1349]    [,1350]    [,1351]    [,1352]     [,1353]     [,1354]
        [,1355]      [,1356]    [,1357]    [,1358]     [,1359]     [,1360]     [,1361]     [,1362]   [,1363]     [,1364]    [,1365]
         [,1366]    [,1367]   [,1368]    [,1369]     [,1370]    [,1371]     [,1372]     [,1373]    [,1374]     [,1375]     [,1376]
        [,1377]    [,1378]   [,1379]      [,1380]     [,1381]     [,1382]     [,1383]    [,1384]    [,1385]    [,1386]   [,1387]    [,1388]
         [,1389]     [,1390]     [,1391]     [,1392]     [,1393]      [,1394]    [,1395]    [,1396]     [,1397]    [,1398]       [,1399]
       [,1400]     [,1401]    [,1402]    [,1403]    [,1404]    [,1405]     [,1406]     [,1407]   [,1408]   [,1409]    [,1410]   [,1411]
        [,1412]     [,1413]      [,1414]   [,1415]     [,1416]     [,1417]      [,1418]      [,1419]      [,1420]     [,1421]     [,1422]
         [,1423]     [,1424]     [,1425]    [,1426]     [,1427]     [,1428]     [,1429]    [,1430]  [,1431]   [,1432]     [,1433]
        [,1434]   [,1435]     [,1436]      [,1437]    [,1438]    [,1439]    [,1440]     [,1441]     [,1442]     [,1443]    [,1444]
         [,1445]    [,1446]     [,1447]     [,1448]    [,1449]    [,1450]     [,1451]     [,1452]     [,1453]     [,1454]    [,1455]
        [,1456]    [,1457]    [,1458]    [,1459]     [,1460]     [,1461]     [,1462]     [,1463]    [,1464]      [,1465]    [,1466]
         [,1467]     [,1468]    [,1469]    [,1470]    [,1471]     [,1472]    [,1473]   [,1474]    [,1475]    [,1476]      [,1477]
        [,1478]     [,1479]      [,1480]     [,1481]     [,1482]     [,1483]    [,1484]    [,1485]     [,1486]     [,1487]     [,1488]
         [,1489]    [,1490]    [,1491]      [,1492]     [,1493]     [,1494]    [,1495]   [,1496]     [,1497]     [,1498]    [,1499]
        [,1500]     [,1501]     [,1502]     [,1503]    [,1504]    [,1505]    [,1506]    [,1507]    [,1508]     [,1509]     [,1510]
       [,1511]     [,1512]   [,1513]     [,1514]   [,1515]    [,1516]     [,1517]    [,1518]     [,1519]     [,1520]  [,1521]     [,1522]
         [,1523]     [,1524]     [,1525]    [,1526]     [,1527]    [,1528]     [,1529]    [,1530]    [,1531]    [,1532]     [,1533]
        [,1534]    [,1535]    [,1536]     [,1537]      [,1538]     [,1539]     [,1540]    [,1541]     [,1542]     [,1543]     [,1544]
        [,1545]    [,1546]     [,1547]    [,1548]    [,1549]      [,1550]    [,1551]    [,1552]     [,1553]      [,1554]     [,1555]
        [,1556]     [,1557]    [,1558]    [,1559]     [,1560]     [,1561]   [,1562]     [,1563]     [,1564]     [,1565]    [,1566]
        [,1567]     [,1568]     [,1569]    [,1570]     [,1571]     [,1572]     [,1573]    [,1574]      [,1575]     [,1576]    [,1577]
         [,1578]     [,1579]    [,1580]    [,1581]     [,1582]     [,1583]    [,1584]    [,1585]    [,1586]   [,1587]     [,1588]
        [,1589]    [,1590]     [,1591]    [,1592]     [,1593]     [,1594]     [,1595]   [,1596]    [,1597]     [,1598]      [,1599]
         [,1600]     [,1601]     [,1602]     [,1603]      [,1604]     [,1605]     [,1606]    [,1607]     [,1608]     [,1609]     [,1610]
         [,1611]     [,1612]    [,1613]     [,1614]    [,1615]    [,1616]     [,1617]    [,1618]    [,1619]     [,1620]    [,1621]
       [,1622]    [,1623]    [,1624]    [,1625]    [,1626]   [,1627]       [,1628]   [,1629]    [,1630]     [,1631]    [,1632]     [,1633]
         [,1634]     [,1635]     [,1636]   [,1637]     [,1638]    [,1639]    [,1640]       [,1641]     [,1642]     [,1643]    [,1644]
         [,1645]     [,1646]   [,1647]    [,1648]     [,1649]    [,1650]     [,1651]    [,1652]    [,1653]     [,1654]    [,1655]
        [,1656]    [,1657]     [,1658]     [,1659]     [,1660]     [,1661]     [,1662]    [,1663]     [,1664]    [,1665]     [,1666]
        [,1667]     [,1668]    [,1669]     [,1670]     [,1671]    [,1672]     [,1673]   [,1674]     [,1675]     [,1676]    [,1677]
       [,1678]    [,1679]   [,1680]    [,1681]   [,1682]     [,1683]     [,1684]    [,1685]     [,1686]     [,1687]    [,1688]    [,1689]
          [,1690]    [,1691]     [,1692]     [,1693]   [,1694]     [,1695]    [,1696]    [,1697]    [,1698]     [,1699]     [,1700]
          [,1701]     [,1702]     [,1703]     [,1704]     [,1705]     [,1706]    [,1707]    [,1708]    [,1709]     [,1710]     [,1711]
         [,1712]     [,1713]     [,1714]     [,1715]    [,1716]    [,1717]   [,1718]     [,1719]    [,1720]    [,1721]    [,1722]
        [,1723]     [,1724]     [,1725]   [,1726]     [,1727]     [,1728]     [,1729]    [,1730]    [,1731]    [,1732]     [,1733]
         [,1734]     [,1735]     [,1736]     [,1737]     [,1738]    [,1739]     [,1740]    [,1741]    [,1742]      [,1743]     [,1744]
         [,1745]    [,1746]     [,1747]    [,1748]   [,1749]    [,1750]     [,1751]  [,1752]     [,1753]    [,1754]     [,1755]     [,1756]
         [,1757]    [,1758]    [,1759]    [,1760]    [,1761]    [,1762]     [,1763]    [,1764]    [,1765]    [,1766]     [,1767]   [,1768]
         [,1769]    [,1770]     [,1771]   [,1772]    [,1773]    [,1774]    [,1775]      [,1776]     [,1777]     [,1778]    [,1779]
         [,1780]    [,1781]    [,1782]   [,1783]     [,1784]      [,1785]     [,1786]     [,1787]    [,1788]    [,1789]     [,1790]
         [,1791]   [,1792]     [,1793]     [,1794]     [,1795]      [,1796]    [,1797]    [,1798]    [,1799]    [,1800]    [,1801]
         [,1802]    [,1803]     [,1804]     [,1805]     [,1806]     [,1807]     [,1808]     [,1809]     [,1810]     [,1811]    [,1812]
        [,1813]      [,1814]     [,1815]    [,1816]    [,1817]     [,1818]     [,1819]   [,1820]    [,1821]     [,1822]      [,1823]
       [,1824]     [,1825]     [,1826]    [,1827]     [,1828]     [,1829]    [,1830]     [,1831]     [,1832]     [,1833]     [,1834]
        [,1835]     [,1836]   [,1837]     [,1838]    [,1839]     [,1840]     [,1841]    [,1842]    [,1843]     [,1844]    [,1845]
        [,1846]    [,1847]   [,1848]    [,1849]     [,1850]      [,1851]     [,1852]     [,1853]      [,1854]     [,1855]      [,1856]
         [,1857]     [,1858]     [,1859]    [,1860]     [,1861]    [,1862]     [,1863]    [,1864]    [,1865]    [,1866]     [,1867]
           [,1868]     [,1869]     [,1870]    [,1871]    [,1872]     [,1873]    [,1874]     [,1875]    [,1876]     [,1877]    [,1878]
        [,1879]   [,1880]    [,1881]    [,1882]     [,1883]   [,1884]    [,1885]     [,1886]    [,1887]     [,1888]    [,1889]     [,1890]
        [,1891]      [,1892]    [,1893]     [,1894]     [,1895]    [,1896]    [,1897]    [,1898]     [,1899]    [,1900]     [,1901]
         [,1902]   [,1903]     [,1904]    [,1905]    [,1906]   [,1907]     [,1908]    [,1909]     [,1910]    [,1911]   [,1912]     [,1913]
        [,1914]     [,1915]    [,1916]    [,1917]    [,1918]    [,1919]   [,1920]     [,1921]     [,1922]     [,1923]   [,1924]     [,1925]
        [,1926]   [,1927]     [,1928]     [,1929]      [,1930]   [,1931]  [,1932]     [,1933]      [,1934]     [,1935]    [,1936]
        [,1937]    [,1938]    [,1939]   [,1940]     [,1941]    [,1942]     [,1943]    [,1944]    [,1945]     [,1946]     [,1947]    [,1948]
         [,1949]    [,1950]     [,1951]     [,1952]     [,1953]      [,1954]    [,1955]     [,1956]     [,1957]    [,1958]    [,1959]
        [,1960]    [,1961]     [,1962]    [,1963]    [,1964]     [,1965]    [,1966]     [,1967]    [,1968]     [,1969]    [,1970]
         [,1971]      [,1972]   [,1973]    [,1974]     [,1975]     [,1976]    [,1977]    [,1978]    [,1979]      [,1980]     [,1981]
         [,1982]       [,1983]    [,1984]    [,1985]     [,1986]     [,1987]    [,1988]    [,1989]    [,1990]     [,1991]     [,1992]
        [,1993]    [,1994]     [,1995]     [,1996]     [,1997]     [,1998]    [,1999]     [,2000]    [,2001]   [,2002]     [,2003]
         [,2004]      [,2005]    [,2006]      [,2007]     [,2008]    [,2009]     [,2010]     [,2011]     [,2012]     [,2013]     [,2014]
         [,2015]    [,2016]    [,2017]    [,2018]    [,2019]    [,2020]    [,2021]   [,2022]    [,2023]     [,2024]     [,2025]    [,2026]
        [,2027]     [,2028]     [,2029]     [,2030]   [,2031]     [,2032]     [,2033]     [,2034]     [,2035]     [,2036]   [,2037]
         [,2038]     [,2039]    [,2040]    [,2041]    [,2042]    [,2043]     [,2044]    [,2045]    [,2046]     [,2047]    [,2048]
        [,2049]    [,2050]    [,2051]     [,2052]     [,2053]     [,2054]     [,2055]     [,2056]     [,2057]    [,2058]     [,2059]
         [,2060]     [,2061]     [,2062]    [,2063]     [,2064]     [,2065]   [,2066]     [,2067]    [,2068]     [,2069]     [,2070]
        [,2071]     [,2072]    [,2073]   [,2074]     [,2075]     [,2076]     [,2077]     [,2078]     [,2079]      [,2080]   [,2081]
        [,2082]    [,2083]      [,2084]    [,2085]   [,2086]     [,2087]    [,2088]    [,2089]     [,2090]     [,2091]     [,2092]
         [,2093]     [,2094]     [,2095]    [,2096]    [,2097]    [,2098]     [,2099]     [,2100]     [,2101]    [,2102]   [,2103]
        [,2104]    [,2105]    [,2106]     [,2107]    [,2108]    [,2109]     [,2110]     [,2111]     [,2112]       [,2113]    [,2114]
         [,2115]    [,2116]     [,2117]     [,2118]      [,2119]     [,2120]     [,2121]    [,2122]     [,2123]   [,2124]     [,2125]
         [,2126]    [,2127]    [,2128]      [,2129]    [,2130]     [,2131]    [,2132]    [,2133]     [,2134]      [,2135]    [,2136]
         [,2137]      [,2138]    [,2139]      [,2140]    [,2141]     [,2142]     [,2143]      [,2144]    [,2145]    [,2146]     [,2147]
         [,2148]    [,2149]     [,2150]     [,2151]    [,2152]   [,2153]     [,2154]     [,2155]     [,2156]     [,2157]     [,2158]
        [,2159]     [,2160]    [,2161]     [,2162]   [,2163]     [,2164]     [,2165]     [,2166]     [,2167]    [,2168]     [,2169]
          [,2170]     [,2171]     [,2172]     [,2173]     [,2174]     [,2175]     [,2176]    [,2177]     [,2178]     [,2179]     [,2180]
         [,2181]     [,2182]     [,2183]     [,2184]    [,2185]    [,2186]   [,2187]     [,2188]    [,2189]    [,2190]   [,2191]
         [,2192]    [,2193]     [,2194]   [,2195]    [,2196]    [,2197]     [,2198]      [,2199]     [,2200]     [,2201]     [,2202]
         [,2203]    [,2204]    [,2205]    [,2206]     [,2207]     [,2208]     [,2209]    [,2210]     [,2211]     [,2212]     [,2213]
        [,2214]     [,2215]     [,2216]     [,2217]      [,2218]    [,2219]     [,2220]    [,2221]     [,2222]     [,2223]  [,2224]
         [,2225]     [,2226]    [,2227]   [,2228]     [,2229]     [,2230]     [,2231]     [,2232]      [,2233]      [,2234]     [,2235]
          [,2236]     [,2237]     [,2238]     [,2239]     [,2240]     [,2241]     [,2242]    [,2243]     [,2244]       [,2245]   [,2246]
           [,2247]     [,2248]    [,2249]      [,2250]     [,2251]     [,2252]    [,2253]     [,2254]    [,2255]    [,2256]     [,2257]
        [,2258]     [,2259]     [,2260]     [,2261]    [,2262]     [,2263]     [,2264]     [,2265]    [,2266]    [,2267]      [,2268]
         [,2269]     [,2270]     [,2271]     [,2272]    [,2273]    [,2274]     [,2275]   [,2276]    [,2277]    [,2278]    [,2279]
         [,2280]     [,2281]    [,2282]    [,2283]     [,2284]    [,2285]    [,2286]     [,2287]     [,2288]     [,2289]    [,2290]
         [,2291]    [,2292]    [,2293]    [,2294]    [,2295]     [,2296]     [,2297]     [,2298]     [,2299]     [,2300]   [,2301]
        [,2302]      [,2303]     [,2304]     [,2305]     [,2306]     [,2307]   [,2308]     [,2309]     [,2310]     [,2311]      [,2312]
        [,2313]   [,2314]   [,2315]     [,2316]    [,2317]    [,2318]    [,2319]    [,2320]     [,2321]    [,2322]    [,2323]    [,2324]
       [,2325]    [,2326]    [,2327]     [,2328]      [,2329]    [,2330]     [,2331]    [,2332]    [,2333]    [,2334]     [,2335]
        [,2336]     [,2337]    [,2338]    [,2339]    [,2340]    [,2341]     [,2342]     [,2343]     [,2344]     [,2345]    [,2346]
        [,2347]    [,2348]    [,2349]    [,2350]     [,2351]     [,2352]    [,2353]    [,2354]    [,2355]     [,2356]     [,2357]
         [,2358]     [,2359]   [,2360]    [,2361]     [,2362]    [,2363]     [,2364]     [,2365]     [,2366]    [,2367]    [,2368]
       [,2369]     [,2370]     [,2371]    [,2372]     [,2373]    [,2374]    [,2375]      [,2376]    [,2377]     [,2378]    [,2379]
        [,2380]       [,2381]    [,2382]      [,2383]    [,2384]     [,2385]     [,2386]     [,2387]     [,2388]   [,2389]     [,2390]
         [,2391]    [,2392]   [,2393]    [,2394]     [,2395]     [,2396]     [,2397]    [,2398]    [,2399]     [,2400]     [,2401]
        [,2402]    [,2403]    [,2404]    [,2405]   [,2406]   [,2407]    [,2408]     [,2409]      [,2410]     [,2411]    [,2412]    [,2413]
         [,2414]     [,2415]     [,2416]    [,2417]     [,2418]    [,2419]     [,2420]      [,2421]     [,2422]    [,2423]     [,2424]
        [,2425]    [,2426]     [,2427]     [,2428]    [,2429]     [,2430]    [,2431]     [,2432]   [,2433]    [,2434]     [,2435]
         [,2436]     [,2437]    [,2438]    [,2439]     [,2440]     [,2441]      [,2442]     [,2443]    [,2444]    [,2445]      [,2446]
        [,2447]    [,2448]    [,2449]    [,2450]      [,2451]     [,2452]    [,2453]     [,2454]     [,2455]     [,2456]    [,2457]
         [,2458]    [,2459]     [,2460]    [,2461]     [,2462]    [,2463]    [,2464]     [,2465]    [,2466]   [,2467]      [,2468]
         [,2469]     [,2470]      [,2471]    [,2472]     [,2473]    [,2474]     [,2475]     [,2476]   [,2477]     [,2478]    [,2479]
        [,2480]      [,2481]     [,2482]    [,2483]     [,2484]     [,2485]       [,2486]    [,2487]    [,2488]    [,2489]    [,2490]
         [,2491]    [,2492]    [,2493]     [,2494]     [,2495]     [,2496]     [,2497]    [,2498]     [,2499]     [,2500]     [,2501]
        [,2502]    [,2503]    [,2504]     [,2505]    [,2506]     [,2507]    [,2508]     [,2509]     [,2510]    [,2511]   [,2512]    [,2513]
        [,2514]     [,2515]     [,2516]    [,2517]    [,2518]     [,2519]    [,2520]     [,2521]      [,2522]     [,2523]     [,2524]
        [,2525]     [,2526]     [,2527]     [,2528]    [,2529]    [,2530]   [,2531]    [,2532]   [,2533]     [,2534]     [,2535]    [,2536]
        [,2537]      [,2538]    [,2539]      [,2540]    [,2541]    [,2542]    [,2543]     [,2544]    [,2545]     [,2546]    [,2547]
          [,2548]    [,2549]    [,2550]    [,2551]     [,2552]     [,2553]    [,2554]    [,2555]     [,2556]    [,2557]    [,2558]
        [,2559]     [,2560]     [,2561]    [,2562]  [,2563]    [,2564]     [,2565]   [,2566]    [,2567]   [,2568]      [,2569]     [,2570]
        [,2571]    [,2572]     [,2573]    [,2574]     [,2575]    [,2576]    [,2577]     [,2578]    [,2579]   [,2580]    [,2581]     [,2582]
        [,2583]     [,2584]     [,2585]    [,2586]     [,2587]     [,2588]    [,2589]    [,2590]     [,2591]    [,2592]    [,2593]
         [,2594]    [,2595]    [,2596]     [,2597]     [,2598]      [,2599]     [,2600]    [,2601]     [,2602]     [,2603]    [,2604]
         [,2605]     [,2606]     [,2607]    [,2608]    [,2609]     [,2610]   [,2611]     [,2612]    [,2613]     [,2614]    [,2615]
         [,2616]    [,2617]     [,2618]     [,2619]     [,2620]     [,2621]    [,2622]   [,2623]     [,2624]    [,2625]    [,2626]
        [,2627]   [,2628]    [,2629]     [,2630]     [,2631]    [,2632]    [,2633]     [,2634]   [,2635]     [,2636]   [,2637]    [,2638]
        [,2639]      [,2640]    [,2641]     [,2642]   [,2643]     [,2644]     [,2645]    [,2646]     [,2647]   [,2648]    [,2649]
         [,2650]     [,2651]    [,2652]    [,2653]     [,2654]     [,2655]     [,2656]      [,2657]    [,2658]     [,2659]     [,2660]
         [,2661]     [,2662]     [,2663]     [,2664]     [,2665]    [,2666]     [,2667]     [,2668]     [,2669]   [,2670]     [,2671]
        [,2672]     [,2673]     [,2674]    [,2675]    [,2676]    [,2677]     [,2678]    [,2679]     [,2680]     [,2681]    [,2682]
        [,2683]    [,2684]    [,2685]     [,2686]     [,2687]     [,2688]    [,2689]    [,2690]     [,2691]     [,2692]    [,2693]
         [,2694]     [,2695]     [,2696]    [,2697]     [,2698]    [,2699]    [,2700]     [,2701]     [,2702]     [,2703]     [,2704]
          [,2705]    [,2706]    [,2707]    [,2708]    [,2709]    [,2710]    [,2711]    [,2712]     [,2713]    [,2714]    [,2715]
         [,2716]   [,2717]    [,2718]     [,2719]    [,2720]    [,2721]     [,2722]     [,2723]     [,2724]    [,2725]     [,2726]
         [,2727]    [,2728]     [,2729]     [,2730]     [,2731]     [,2732]     [,2733]     [,2734]    [,2735]     [,2736]     [,2737]
        [,2738]     [,2739]     [,2740]    [,2741]     [,2742]    [,2743]     [,2744]     [,2745]     [,2746]     [,2747]     [,2748]
        [,2749]    [,2750]    [,2751]     [,2752]     [,2753]     [,2754]   [,2755]    [,2756]    [,2757]     [,2758]     [,2759]
         [,2760]     [,2761]     [,2762]    [,2763]    [,2764]     [,2765]     [,2766]    [,2767]     [,2768]    [,2769]     [,2770]
        [,2771]    [,2772]     [,2773]    [,2774]     [,2775]    [,2776]    [,2777]    [,2778]     [,2779]   [,2780]     [,2781]    [,2782]
         [,2783]    [,2784]     [,2785]    [,2786]     [,2787]    [,2788]    [,2789]     [,2790]     [,2791]     [,2792]     [,2793]
         [,2794]     [,2795]   [,2796]    [,2797]     [,2798]     [,2799]     [,2800]    [,2801]     [,2802]     [,2803]     [,2804]
         [,2805]     [,2806]    [,2807]    [,2808]     [,2809]    [,2810]     [,2811]    [,2812]   [,2813]    [,2814]     [,2815]
        [,2816]     [,2817]     [,2818]     [,2819]     [,2820]   [,2821]     [,2822]     [,2823]    [,2824]     [,2825]   [,2826]
          [,2827]   [,2828]    [,2829]     [,2830]   [,2831]    [,2832]    [,2833]     [,2834]     [,2835]     [,2836]      [,2837]
         [,2838]     [,2839]    [,2840]    [,2841]    [,2842]    [,2843]    [,2844]      [,2845]     [,2846]     [,2847]     [,2848]
         [,2849]     [,2850]     [,2851]    [,2852]    [,2853]      [,2854]     [,2855]    [,2856]   [,2857]     [,2858]    [,2859]
        [,2860]    [,2861]     [,2862]      [,2863]     [,2864]    [,2865]    [,2866]    [,2867]    [,2868]     [,2869]     [,2870]
         [,2871]     [,2872]     [,2873]   [,2874]     [,2875]    [,2876]     [,2877]     [,2878]    [,2879]      [,2880]     [,2881]
        [,2882]    [,2883]     [,2884]    [,2885]    [,2886]     [,2887]
 [到达getOption("max.print") -- 忽略2行]]